1 22.04 m1 8 7
2 22.06 m1 8 2
3 01.07 m1 6 2
4 23.07 m1 8 3
5 02.01 m1 1 6
6 04.09 m1 3 6
7 04.09 m5 5 2
8 04.10 m7 5 1
9 04.09 m1 6 3
10 04.09 m4 6 2
11 02.05 m1 7 3
12 06.01 m3 3 4
13 02.05 m1 4 3
14 05.01 m9 6 2
15 04.01 m2 1 9
16 12.04 m6 6 7
17 22.04 m1 4 2
18 05.01 m1 2 5
19 17.06 m1 7 4
20 04.09 m1 8 9
7 04.09 m1 5 3
8 04.10 m7 3 5
9 04.09 m3 3 55
10 04.09 m4 6 5
11 02.11 m1 56 7
12 02.07 m1 4 5
13 12.06 m1 5 6
14 02.05 m8 4 5
1 22.05 m9 5 6
2 05.05 m1 5 3
3 07.05 m5 33 3
4 08.12 m3 3 5
5 07.11 m2 5 3
6 02.04 m6 3 3
7 26.05 m8 5 3
8 09.03 m73 8 9
