1 10 1 0.2
2 11 1 0.2
3 9 1 0.2
4 6 1 0.2
5 13 1 0.2
6 15 1 0.2
7 10 1 0.2
8 19 1 0.2
10 16 1 0.2
11 25 1 0.2
12 17 1 0.2
14 30 1 0.2
15 8 1 0.2
16 27 1 0.2
17 17 1 0.2
18 10 1 0.2
19 12 1 0.2

1 25 2 0.5
2 21 2 0.5
3 19 2 0.5
4 26 2 0.5
5 43 2 0.5
8 29 2 0.5
10 36 2 0.5
11 37 2 0.5
15 20 2 0.5
16 35 2 0.5
17 35 2 0.5
18 21 2 0.5
19 34 2 0.5

1 37 3 0.3
2 58 3 0.3
3 45 3 0.3
4 44 3 0.3
5 70 3 0.3
8 89 3 0.3
10 56 3 0.3
11 67 3 0.3
15 47 3 0.3
16 48 3 0.3
17 67 3 0.3
18 54 3 0.3
19 55 3 0.3

1 45 4 0.1
2 65 4 0.1
3 51 4 0.1
4 49 4 0.1
5 77 4 0.1
10 70 4 0.1
11 81 4 0.1
15 60 4 0.1
16 67 4 0.1
17 78 4 0.1
18 70 4 0.1
19 65 4 0.1

1 60 5 0.4
2 75 5 0.4
3 67 5 0.4
4 62 5 0.4
5 89 5 0.4
10 83 5 0.4
16 81 5 0.4
17 95 5 0.4
18 89 5 0.4
19 78 5 0.4
